9999
4918
8627
9137
3205
9678
2500
573
2706
1891
7458
7537
1522
7907
30
7749
312
3432
4748
6465
9936
1498
533
6315
3928
52
8586
1118
2175
6868
4730
7420
6156
2854
8293
4084
8962
1619
33
3239
2931
6822
7805
1208
5187
7951
4165
9347
78
3276
1221
1712
5404
2933
3713
2423
979
6886
1605
3941
4734
3490
2104
8048
9182
6326
1958
4136
9790
412
6351
5983
1931
3938
4986
9914
7763
9834
9822
4008
7133
2883
9490
5538
3850
8824
3346
6932
1242
8391
5557
1900
1922
3364
7870
1392
3788
2479
1920
8900
8448
7667
357
3052
5154
2321
2096
863
1356
973
8034
1293
9293
7622
8874
946
3842
4428
6320
7371
4164
2717
6948
8136
2498
5009
5730
8371
5408
4903
57
8161
6544
5055
6924
4182
513
9193
1817
8670
309
8222
4104
713
2375
2078
6582
4502
1724
3369
1027
3987
3353
4466
7400
3204
230
7009
2589
5394
1938
6408
602
9110
695
9848
5197
1207
79
6532
4715
9823
582
4662
2074
1109
8050
7281
9406
1255
7153
6568
7362
6357
2114
4685
6426
5062
9431
779
9623
8197
2664
1784
1211
3580
9132
2150
285
3140
2852
7225
3711
8220
5912
46
1950
9576
8758
6249
4794
2588
8632
543
5655
6777
7910
9174
3122
3542
6027
6105
8440
8003
3804
6737
3588
810
9559
7664
4343
1096
4760
1680
9613
7931
578
1420
781
4235
2796
1213
7010
61
9673
7415
8808
6870
2365
4645
4472
8653
957
66
3224
9829
9574
4489
92
1913
1296
9392
9954
8905
4196
3985
5581
9364
7708
8665
8815
4230
923
2548
3741
9876
9869
9369
158
981
5103
2561
2580
2275
5698
8110
8590
6946
4508
9178
8205
5409
6976
1470
3973
9727
943
7444
2662
1408
2671
7262
7804
2496
3595
3688
2260
2870
3819
1419
81
7245
1605
8068
1901
9231
580
5749
3427
3651
6680
9691
4989
7225
4238
2560
1993
2211
1714
1809
8722
6518
2450
8290
3772
4689
9893
8976
7727
62
507
9719
6616
359
2582
8294
4780
682
3706
1328
2591
799
17
5828
933
698
6803
7999
1110
3261
2916
6048
2279
96
1805
124
5942
8563
4127
6436
2118
1570
1158
4948
3149
506
7371
6813
5914
732
9260
1557
5210
1967
912
2141
3340
3803
8933
2115
4388
9108
7885
1113
2510
4947
6041
9510
5044
1819
2004
1612
3601
3226
3075
3386
726
6127
539
6418
2348
891
3667
3213
6380
4523
9916
9630
7404
6389
975
372
9163
1472
9653
4404
7102
5753
6541
6023
6076
1492
4457
3728
4391
9967
4106
9680
1900
2221
3582
6349
1789
9010
502
5904
2700
2394
7277
8511
667
1247
3814
1067
8738
331
2645
9770
5473
1834
5233
2071
4470
2868
1048
3992
129
1369
8179
3008
9031
2045
9388
599
4292
5879
2814
2071
9507
4997
171
2680
1331
274
6116
2558
7922
2218
980
7505
1085
5453
4589
2894
5468
2259
1032
4524
8808
7183
4231
6449
9374
2647
542
1302
9496
2467
2497
9752
874
3
9935
3553
4410
5542
5392
4343
259
1928
8474
5426
5292
5211
394
6564
4741
1466
3362
4964
5233
9034
2813
7611
7227
6562
9323
883
7698
6077
9225
2589
5142
4413
368
3458
5576
3762
6930
3212
797
5275
3104
2262
1796
5420
4511
3985
7768
4385
3916
5864
407
1489
6718
2470
1156
2887
2171
9911
4314
4189
1518
1516
3858
7946
2199
6707
2855
1822
6563
6023
552
9099
2541
3187
7726
2263
3813
7197
462
4863
2736
2529
2145
5453
7585
7066
162
6205
5223
937
4344
1693
134
5839
2837
4115
2010
1293
9389
180
1737
3534
7579
4033
8617
899
1489
1028
1251
0
3007
6076
6790
3941
8918
7542
366
5808
7517
429
1542
8496
3443
883
219
4925
6630
224
2691
2726
676
3305
9375
8267
368
6197
93
9005
4919
5485
3089
4562
4323
6690
5508
8301
6015
707
2253
3166
7997
9422
5584
806
6853
3159
1924
6510
8526
1832
4682
4664
98
3704
5242
6645
1677
8270
960
329
4966
5735
8903
1420
2065
6391
2484
5794
2148
3612
7591
6445
2345
3609
7038
5298
7700
98
3178
5625
549
5523
1957
5513
3392
5126
1188
2388
5771
8421
8298
9678
935
4828
510
1172
8163
1427
5470
3051
2845
1259
195
8550
5578
9974
6982
1388
1465
684
6292
2904
8995
8907
1582
131
4181
4894
4068
2048
2881
8609
9956
8310
4482
2148
6877
1715
4975
767
1912
383
7058
4357
2729
2447
3144
5452
1731
4939
8747
1308
3050
7346
6127
613
1389
2589
1211
3270
6819
7777
4745
4587
2404
3928
5151
5559
9212
2082
7438
2706
8956
5624
554
9957
5634
9474
3067
6308
682
5497
8036
4698
4084
5247
2947
300
7832
6174
40
5158
152
7327
4601
4827
1813
6220
4837
9260
2036
1368
5384
8262
7905
4749
4222
5280
5429
8261
3803
4293
6773
125
171
9296
6107
8503
1957
8645
7065
624
6885
104
3627
8514
1658
9896
4044
1322
6093
4859
3180
4268
1220
7776
9760
4021
9606
7729
1946
8578
5312
4952
8795
6799
8343
5411
8070
9075
7166
7355
9399
4890
5850
5057
7348
1986
6628
314
9123
1818
8288
1373
3788
8312
556
4314
6912
5082
602
1038
26
7488
9057
4852
8005
5480
3633
3534
7774
57
8550
9156
4843
4372
623
1612
6428
6759
8959
5930
4001
5044
8675
7994
8317
1091
502
268
4217
9859
690
7423
3356
7654
2471
1586
7049
5342
2241
487
3562
1842
7589
7800
3100
9222
11
1534
7594
1914
9603
2080
5326
2017
2401
3017
8998
1332
6907
749
3460
1192
1237
2669
8936
4574
26
3769
3809
9242
9950
1574
7090
422
7266
5297
8034
504
712
2930
5350
3825
1015
7891
3907
199
1425
2147
1375
2293
1587
4662
3351
3905
4268
5504
8775
9343
2162
8274
7557
2020
5970
8436
558
1854
3766
212
437
4034
6236
2382
4745
5541
6084
3516
247
9039
3898
1263
7072
2829
6166
7471
9533
6503
8624
2063
959
353
2519
5765
4491
7733
6323
121
6711
3328
313
6603
8030
9308
6288
42
6906
4639
274
7362
4547
7202
9253
8118
5490
164
2699
127
1803
5008
1030
4819
9659
9900
1776
5161
6045
6883
4922
8620
7140
6566
8867
2318
996
2270
7388
1775
3505
1525
9481
1630
5629
9798
3114
5104
9340
4354
7515
1838
9659
3589
569
4723
4048
2040
9351
1943
9507
1960
799
2262
1213
4423
7356
6229
5376
9153
3943
5317
9527
7745
3873
9544
4783
1157
689
4788
7415
9983
5678
5606
2292
1166
4208
9064
2152
1965
6162
4310
4627
6362
5338
9550
6075
4282
5212
8231
7976
8795
9947
275
7731
6602
9585
2583
5760
2054
9538
1610
3513
5540
8220
988
3054
3108
1266
5306
7002
7699
6329
7023
855
1011
7810
9165
7716
7433
602
3708
4230
325
2814
1970
6957
5303
4259
6020
8169
2480
5108
2955
285
9575
445
267
2226
3997
6184
8320
478
7331
8246
8634
1799
506
9841
6122
2675
2459
3199
7373
9266
6552
6777
4825
9358
1122
7037
614
6849
4413
737
2543
920
705
9161
2280
7015
7635
1290
4850
2237
4547
1808
7646
7993
3127
8173
1150
797
776
1411
2194
2370
6730
3956
7905
7629
1394
3032
9222
3568
6276
6575
9805
6388
3147
4375
8590
4325
4268
8496
1818
8014
8636
110
7427
9671
7441
4671
4081
6940
6631
5150
6626
5296
4869
1591
449
2242
9055
1627
1883
4255
173
3431
7742
3736
9483
368
2851
5221
3362
7602
5245
1321
3415
3289
8530
1224
162
6319
4922
343
5410
295
8454
1188
8656
2041
9106
5285
5409
8176
734
1765
5728
4464
601
556
6827
156
4207
3230
828
3527
6870
1751
9370
4681
3603
3973
2753
2452
8322
2487
7024
7000
949
8420
4994
7252
6860
1087
9056
9533
3398
8650
709
724
3431
3289
657
8259
59
3272
7329
776
4762
9439
1519
4662
781
8933
358
3064
800
8163
9754
8615
1176
3994
5
2590
2406
5591
1428
1292
1292
4390
404
73
9760
7846
2055
2397
4367
7195
1675
7277
2708
5065
7709
6807
1993
6816
7337
2193
1821
1011
1942
5533
1686
7373
3488
3008
9081
6982
2325
546
8552
2626
3781
6568
2219
4523
2163
4561
6578
2080
2961
5006
8058
5390
6923
3430
4654
6958
35
72
5488
6911
7533
1346
1592
2182
5531
5809
2092
5059
1612
7594
4177
9461
9024
8313
8081
8624
4959
1016
9933
863
1195
2131
6644
4949
2675
6649
2741
3928
1242
6517
5010
6128
3303
6685
3798
1740
1598
8955
4056
7398
1983
2539
4352
2392
3533
1300
7561
8766
18
8458
8695
1710
5601
3635
635
1590
4076
3481
5718
6453
2967
3696
6538
8397
1629
2616
1159
6295
1905
9988
7764
2119
4503
1452
7356
1377
1156
2177
9980
9645
9748
7855
921
6951
4619
9623
5143
2010
1374
6286
2376
189
898
1664
8097
5070
4949
9
8628
255
3116
1574
2345
655
301
839
6958
7770
4958
7175
2065
963
6621
4447
7387
5841
5905
8088
9919
2375
9345
2319
6995
7721
5476
2830
655
2508
1304
169
3876
7725
3879
4263
2639
517
7799
2546
5181
8155
7217
2111
721
4042
4245
3905
5428
100
3563
9371
3820
3240
8365
1414
2112
1328
819
7490
8747
8686
1567
8672
3904
9736
9291
959
8125
4225
2095
8853
610
4970
2199
8993
4723
2441
3524
6175
6172
73
3682
1707
8645
162
4410
1065
6823
4682
5801
8292
5390
3820
2209
2598
5663
7017
894
2456
4619
5916
43
778
7317
1425
5078
3877
256
1337
962
5471
6236
8567
8796
2911
3603
4783
3520
1345
8479
6688
204
5772
2703
4207
4229
4994
8202
1686
2217
9128
9187
1965
6869
840
8701
6584
3016
3475
5376
8144
5895
6442
6028
5319
7890
8686
7006
6518
103
9990
2689
7641
5798
7282
215
2222
5301
414
6056
5561
7701
9241
9690
4828
3396
5830
882
1973
5156
9618
1082
1896
7723
8007
4211
4223
9165
9857
7341
863
5864
1776
1621
7533
3566
6365
4861
2481
4856
2144
2018
154
2072
3409
9707
3041
512
5741
1005
3282
1553
3723
247
9401
6983
3360
3242
1641
2803
9600
7736
3859
3641
7446
8466
517
940
614
5450
6753
6230
2209
5440
3903
972
137
7451
2917
9168
4837
5542
8662
9785
630
3150
5241
1505
6123
6601
5325
2670
8979
8729
2089
803
2018
9136
440
7335
5509
966
3508
7286
9673
1161
9410
6487
280
3013
4080
4222
582
916
426
5571
6459
1944
8386
7491
6962
3255
5489
4613
1410
8261
985
3087
3706
6104
846
5849
7186
2264
2837
4258
1263
3350
8970
2691
2584
6655
9464
2289
247
2880
5045
2151
6290
1724
4508
5667
2507
4268
3743
3695
5428
3383
988
1827
7767
8402
9439
1561
1365
3145
2601
3441
749
8894
6272
5639
5375
513
9783
1121
8769
5442
1455
6445
2019
6691
6429
667
894
7889
4158
5894
4690
4084
5849
8425
2656
2245
8084
5999
3349
6512
9514
9500
633
5706
3003
5066
4870
9669
4596
1303
3661
3633
2752
7357
661
1221
9215
4417
8997
4462
7735
7473
5204
2231
5400
7111
1103
1482
1108
9907
4635
2678
2527
4393
7692
8258
9475
7158
2405
5536
1239
3481
97
741
6193
4703
7121
4329
1242
1679
5190
2586
6865
72
866
9862
7250
7719
1802
4376
7000
477
767
6594
2208
1217
6366
9277
5697
82
1668
2476
7593
1136
3061
1080
7033
5819
5887
2439
6964
8348
1051
3582
9172
5619
692
889
2318
2912
4955
1288
3943
9654
713
6157
1366
7596
902
2515
8604
1222
1466
9489
385
6116
7971
8287
3617
1722
9335
3849
1383
2080
730
865
904
6954
6049
3865
7604
8186
2264
834
4281
292
257
8367
7192
2291
4286
9981
2060
4410
1265
215
4120
334
49
8724
2288
2642
7728
9796
42
4434
508
6108
6310
8901
3426
286
7885
1869
1401
9885
54
7232
5838
7631
6351
1356
5468
7475
9625
2694
4575
2933
6612
1300
2185
7007
782
5260
916
7859
1798
4268
4776
6471
2725
9964
4432
751
8480
7889
1544
9105
7463
4531
6250
5765
9889
6448
4905
4588
6252
5570
8333
6099
3455
6591
9841
9848
9299
8241
1097
8556
8818
6037
2824
5673
1022
6167
3024
3269
3557
3006
3372
7415
5171
2691
5403
9226
1096
7592
4557
3633
2124
4519
9059
42
9089
9384
6146
3910
6664
6695
6664
7047
3814
7029
3746
2922
2392
1678
3821
6023
5060
6812
6300
295
3234
8666
9562
9110
9340
2107
9584
6249
1585
7467
1160
2498
5728
5686
4035
2417
9700
7720
7289
5901
2810
133
9839
6755
8795
5418
8254
9070
8246
8963
2945
8712
1405
6926
2878
3920
67
2912
4953
9565
7604
8791
4166
1378
8902
7104
9646
2386
1087
9322
6067
9558
5143
5531
4903
1196
3583
2753
1178
7106
8914
251
8499
4659
9131
7321
4625
2337
967
2993
6066
4501
3916
7620
7187
931
218
2544
617
785
8737
1495
8448
9865
5156
1776
4242
5756
7037
1036
4266
5002
3408
8764
5817
3920
7252
9986
3657
9377
4111
6469
2593
3000
5650
3992
9992
1116
6293
4813
3325
6677
7491
8982
2230
8846
1578
5788
1895
4812
6364
8532
7078
9502
9689
8191
4797
534
1841
5968
2255
5767
3812
4756
2943
5262
9324
2701
1933
998
2590
1247
8418
4615
3581
7439
334
4863
2607
6248
640
9924
1236
8256
4294
7528
5188
5050
1301
5101
4824
8301
3979
1339
461
2102
7028
5281
9460
9449
3018
9816
9581
2014
9744
2942
8469
8969
6336
4753
829
2970
1987
1978
7182
9671
8482
7869
1722
1463
9930
8174
6132
6464
4117
6102
530
1122
727
5302
9201
7462
2838
8683
6587
8418
5422
1027
2245
3198
628
1695
1068
8604
1721
121
497
1459
6257
6728
577
6844
2324
2401
9850
1921
6469
1936
2731
4499
4194
1368
1388
875
8875
8887
3470
1827
2310
957
228
661
4257
6271
1458
5860
8826
1751
6101
5979
3196
7710
4659
1747
555
8685
1460
7048
1026
896
161
510
779
7772
1324
5808
8191
6355
641
905
5998
9685
6363
3878
7857
2009
1753
5820
9325
829
8610
3110
6155
1834
183
6786
967
651
4441
8973
134
2447
5387
4732
875
2605
169
364
1275
1656
1817
5452
815
1347
9824
1818
9946
6006
3945
9626
2444
2338
6801
6414
8182
6450
5606
5411
1407
4018
8130
4040
2951
2388
5362
3877
842
2209
9852
793
2662
2765
4032
8100
2593
2174
3950
2663
1397
3838
3336
1256
8909
1215
1913
3130
9141
158
999
3901
2924
2763
4325
5042
2061
9464
2044
4721
5775
3952
8156
862
314
2299
2093
1546
5899
3887
9002
6582
3738
7416
1312
285
953
7259
9347
5250
4015
2359
1442
4136
6374
3582
4524
1217
2402
2595
708
6873
2276
1764
2561
787
1773
281
4120
4084
6807
6461
9406
1887
5312
1597
2568
1889
2312
5759
1430
1214
8445
8165
3632
827
277
2498
4383
1022
4029
7036
7167
5539
2911
9522
5779
7232
5241
1376
9850
4075
7355
9201
2049
9947
2352
5876
6809
5772
9922
7490
186
1447
7656
4559
9272
1520
193
9327
3717
4898
2117
987
6087
8760
57
3204
6379
8846
5732
4888
5722
8248
6624
4130
747
7504
8979
8854
9818
5542
4990
5325
1799
7283
1989
8702
610
3822
3185
1071
7574
6963
8659
4522
4371
4641
3754
4274
8160
5187
8918
296
2560
6161
1358
7065
709
6056
8895
2075
3459
2103
229
2088
9382
2043
6911
6857
8742
9246
2286
2359
2394
3323
4607
7886
539
9653
8314
5220
9082
3336
57
8952
8965
4672
876
7614
9606
6313
3693
4490
7372
1959
8784
7162
5742
1031
3005
5465
2541
1062
6496
7778
1545
9296
2193
434
8119
331
2320
2321
1266
4053
5059
9617
4080
1772
7700
872
9270
5437
7316
4155
1742
4446
6373
3724
615
3232
8742
8374
1422
911
4623
2933
5324
1116
7072
7228
9488
6045
4790
4577
2063
7315
9422
8459
3129
5516
316
8495
3998
7034
1598
9303
2832
1733
9148
7669
7898
9612
9411
1303
882
6033
3139
2763
6491
2534
7254
9668
2030
7298
4546
3085
7449
2312
6528
6286
9113
6794
7021
7629
9477
9466
721
5574
218
1586
4767
1454
3950
7589
956
148
2495
3732
1092
2154
9196
981
3097
9331
1975
6354
845
4429
5865
1918
2114
8544
1110
2093
6543
1975
1091
9236
1222
7711
8485
1838
5156
1326
6523
1025
7209
2679
7311
4145
5193
5322
57
3107
82
5200
565
6613
2750
3448
2678
6524
2571
8092
8747
5197
9114
728
8384
3136
3061
6171
1064
5922
5444
6254
5834
3002
6050
4069
7994
5774
9195
4740
4313
4775
1576
901
655
1539
4223
1543
4648
7433
5573
2424
2189
3794
2005
9638
3365
8870
246
514
4699
2868
5031
1766
3490
1351
8782
9673
518
4421
5586
3904
5205
1065
6069
4695
110
2964
7334
8369
6536
7935
518
9212
7686
2868
154
9945
2201
3358
4672
4939
1143
9006
9285
1645
6331
7583
6294
1176
8637
1484
2822
4565
4596
3505
8864
2256
7337
16
6285
1839
8957
4997
8087
8002
9261
7467
8303
6682
7989
5504
1660
6590
995
9030
7846
3468
7054
6892
130
5981
9415
6733
6398
5036
4046
71
8688
1128
9592
7423
618
9192
4991
3107
9616
207
7019
1007
7165
5905
3520
7892
5043
1716
2631
470
3553
5834
9122
9221
4186
590
458
7231
2244
9116
7579
3491
3854
4567
4675
2745
4773
4853
7415
7664
1561
5725
1606
2504
3420
4693
2978
2322
379
9509
7740
6453
9055
2832
9087
962
1942
4451
5456
2874
558
1630
7844
174
3330
2164
8163
1910
5768
878
395
518
2729
8020
4216
8271
3555
8382
5779
5346
4508
5496
4089
4635
4664
7877
4269
491
4765
3349
8640
4693
3045
6730
9952
5742
131
3687
1711
911
1050
3738
3334
3804
7050
732
2121
218
1724
6102
9964
4429
7696
918
7222
6575
500
7106
7845
9864
1912
1548
4787
5482
145
8519
3176
2268
6235
3545
7519
3034
2338
4770
1485
2267
6338
7676
367
5859
9117
770
8804
9017
7021
6118
3228
1131
9883
446
8222
7585
7760
4111
1984
4704
8265
7661
9250
9345
2128
3554
1100
2705
89
5261
8106
3705
9226
1772
84
5536
5663
5261
9731
5008
2988
1617
7041
2758
405
4386
5201
6910
730
4583
4399
3583
855
5846
1304
1939
27
169
1277
9946
6263
8596
7844
4063
538
8885
176
9659
7258
7309
1570
280
5685
2574
1376
1512
2857
902
8276
7544
977
8379
8440
1711
1793
3015
2162
9772
660
1719
4650
9311
8788
5342
2275
1269
6377
1215
5625
7002
6837
7370
1144
6395
320
6022
9486
4746
5072
7457
6642
5637
4396
5556
4900
7048
9232
2907
1574
4546
947
5011
3900
3718
7095
932
2672
5236
1809
6673
4729
6407
538
6925
3901
4127
7221
1937
709
8178
850
6380
3648
9326
8610
810
6810
2083
5596
7512
6222
1647
7391
7654
5018
1689
2121
3517
7234
6786
3176
2276
3560
9545
3231
1246
4986
9006
1835
9398
2156
7593
2727
7182
9576
7660
5292
1780
3283
7670
6509
5382
2481
8441
1618
2967
1772
1807
771
2274
1089
1497
3015
7983
1500
3687
6829
3860
9238
7471
1964
430
2555
9911
4742
8704
1633
7205
6770
2442
9509
4730
6330
7790
8120
3210
3138
8911
1243
8256
1451
171
6294
1391
678
91
1247
1707
6444
2088
5657
7945
526
1696
107
3813
2441
809
6723
8211
2188
9718
2922
5320
6461
2567
3370
1753
3816
2550
6589
5284
1305
1199
9064
7710
637
607
8808
3772
8692
1505
172
8070
3866
6197
1859
9113
102
6082
8679
141
4114
2397
5338
6022
1500
5803
5391
782
5100
9427
8749
2739
1751
4839
8079
5372
787
644
736
1186
1693
1480
8405
9165
9607
5412
939
1229
5206
9203
5491
1674
7467
9450
3579
1790
320
7375
2736
4529
4629
8654
1968
3301
171
2666
6180
6819
306
1490
6894
7013
2302
2405
143
4534
6031
9926
2716
103
2273
4803
2082
5172
6752
1714
5015
7638
4992
5421
1955
5370
1325
2289
3808
8018
9918
3441
3134
2634
1792
9072
4922
989
576
7391
7631
9465
9304
499
4173
4049
4558
9610
8601
514
9897
7440
3094
6952
4630
9101
5459
433
3066
4258
5140
2466
1385
788
1173
8153
198
1191
1308
147
1915
1646
4511
158
5179
6994
7302
9746
4055
3074
1058
1260
8878
2282
1806
3179
1544
1367
8117
6062
9013
1433
4612
3357
929
5514
8386
7928
1131
8590
317
4349
1079
5867
4118
4798
7296
2220
176
1169
1490
8432
692
4650
9095
3768
1225
2598
5088
6193
1731
2281
1750
7023
6953
4699
881
7755
859
2959
1481
1118
2292
6292
939
4542
3948
3551
1647
856
6946
2360
9096
9951
2904
2676
8299
2371
3662
7091
5044
278
7796
1099
3445
7179
7434
8869
3375
1440
8843
694
4326
1566
5353
4272
4801
7646
6730
7498
2112
4990
1236
1262
7841
149
21
6546
9363
7667
8582
1369
1004
2412
1968
3738
6921
2694
1872
1073
981
449
6743
7797
5100
4599
933
9418
4703
8948
3815
5239
2154
1352
3822
347
4660
8106
4067
1148
4744
6639
2152
208
5762
6876
1296
2335
4587
6232
4929
6585
537
757
8665
2916
8817
9521
1007
5688
6958
8775
6252
3519
5894
9612
489
455
3531
8391
8458
586
7551
6448
2156
6752
844
6205
3595
9315
3971
632
6279
6275
4852
1061
8408
1147
3917
3043
9167
2644
1078
7408
4783
6600
7036
242
4796
2490
4396
9364
1843
8180
3251
3357
6922
6977
2052
9495
5305
8012
489
6143
1674
3849
1005
6616
8396
4034
2890
9285
8478
2677
6383
4455
4314
2428
9940
7731
9152
188
3168
7640
4261
2003
5195
6575
8091
9691
1152
4100
7027
8212
9141
4884
4640
8609
2046
935
9054
2338
4414
7008
851
5474
2624
547
2212
8162
3014
7367
9276
1189
5567
6396
5448
5501
6318
7182
2310
998
4185
1162
4592
4450
2815
3616
7555
2693
2525
1322
2197
8801
1219
2380
1510
4629
3826
1805
1702
7409
3625
149
5896
9358
4977
4295
9301
2411
4677
897
7844
907
390
4545
5224
7709
2286
2042
7802
8300
5731
7800
3801
9849
9455
3440
3456
8261
2749
5372
6775
8531
3190
8950
1356
5229
1822
3794
2179
150
8984
3616
731
6720
3281
7442
5844
2655
5147
1739
1614
3230
6456
2489
5075
1120
4859
8405
3000
2858
889
7721
47
3567
1013
1281
7473
9403
5261
5604
1834
2581
4767
3108
325
8574
5104
1301
299
1471
2414
6155
2998
883
8228
2999
8618
3008
5518
7363
5302
7740
8478
8043
3831
1005
8750
4831
3214
2545
423
4230
5715
5551
8210
7317
3754
4974
9612
8593
6597
4485
1919
1681
9274
1955
543
5191
6726
4048
2946
3345
4994
5059
20
9323
7366
1317
1481
9159
7019
917
2244
2432
965
4126
5080
6058
6992
1718
3757
2814
7978
6777
2150
6582
1074
1046
2704
1492
3088
7527
5469
8487
1093
7031
5986
5568
6820
4191
5566
4002
6177
6385
556
6761
8888
4281
4570
6556
3793
208
4299
8486
6307
2643
3946
3761
9575
7284
8912
2580
9391
5951
9304
2334
390
4240
5585
1811
5289
5763
3556
8200
1287
875
4999
2025
485
2279
9920
3443
1221
7443
5662
8382
3143
2827
500
9067
9264
2629
5943
4623
5947
5503
3019
1838
7454
102
2297
1340
5566
8617
7588
6304
7957
4685
1180
6826
8147
2530
2258
5990
2418
3254
4845
9073
9743
4521
2892
7451
5174
177
3773
8654
2765
7119
5838
1358
5699
865
5570
1234
4602
7321
4918
9202
3412
5406
1748
8017
6730
1425
6136
877
2770
307
6513
8149
1521
6901
7322
1274
8415
320
6650
120
6779
2647
3801
7127
6319
2841
3588
9598
9046
5659
5154
7959
7114
6230
4247
3481
8018
4572
7385
3889
2044
4097
2370
4226
824
2824
2342
304
7878
6283
2021
9335
1855
1455
3603
2785
3818
711
6038
5559
6936
1096
1327
1047
146
3181
1565
4888
724
6795
2494
6522
2249
184
5624
6945
2457
9896
1623
6180
8528
9656
1608
9328
1553
1055
1525
9379
8779
1985
6881
9270
4314
3078
7751
1578
1361
650
4254
4934
487
9367
8608
2143
4240
8032
9915
4202
2622
2174
3959
6254
343
2097
8633
4158
824
6479
4503
2597
6794
1473
509
9138
3076
270
4928
7302
7393
3095
9905
1804
4340
6
6916
8761
6649
8865
5922
4916
7214
4627
6028
1447
4914
860
9521
4438
9852
3671
9057
5536
9535
5117
5586
4596
7580
7785
2947
3382
6489
2268
2080
7474
81
3953
9269
1791
4188
2275
5830
4568
9057
5277
1327
5623
1609
3267
4967
6275
213
6096
9595
5932
4755
1695
2280
1636
1884
7181
7016
2384
1906
6591
8609
7711
5832
4592
2634
8522
9346
6222
2255
4125
5136
4758
4007
53
340
2236
4405
2331
3180
5360
2876
6160
2444
4509
2262
1737
1436
2004
230
5980
210
3481
525
9307
3249
7292
6330
1954
690
426
7621
8348
4898
6757
6110
7882
7100
3521
8769
5222
4184
592
3549
6005
6981
769
4870
7403
4146
2245
2503
1556
4051
4258
5899
1776
7074
6635
4798
1422
7333
1279
7552
252
4719
337
3722
9662
2889
8473
4964
2429
8353
1833
5846
2658
4979
514
4782
4931
2088
2647
7169
5597
3853
306
3237
6724
53
3655
7598
3670
8929
6934
9175
3878
2367
2084
9124
584
3089
8508
4166
4152
7744
1105
4655
7952
9136
5544
7111
8873
4261
3332
7149
2002
3351
8610
8081
8479
6322
4134
2178
8387
1216
6677
1124
7058
5307
2261
8644
3248
2558
642
751
4382
4108
2418
4448
8358
2691
7099
8472
341
9362
4707
483
2072
2361
680
4713
7930
6943
4770
34
1597
474
9862
765
8647
3466
3116
4802
7663
4999
4723
3367
2600
589
7923
7584
7757
4965
8179
6987
397
7478
860
3099
1754
2939
4702
3378
1452
5446
1474
4389
2267
757
1439
1435
2989
5397
3345
4166
5709
7429
3431
2165
7613
28
59
8777
7437
5821
152
3974
2204
6697
2327
3276
4398
4294
618
8599
1982
3983
4909
6980
1238
4971
6426
742
3758
4883
8092
3959
9441
1870
5046
3266
3718
4960
4948
625
7789
2899
7218
562
7176
963
4396
4416
5228
2337
2278
3631
7944
9936
6653
199
9526
6564
8205
2261
7343
9868
4485
3759
5556
4733
7912
4294
6234
2081
2389
8081
4918
2687
3641
1079
9449
6685
6035
2269
2413
7364
5289
7697
1553
4851
265
7094
18
6758
226
6610
6699
9688
6100
1028
5389
1895
5973
1609
4274
551
9702
1216
6799
2218
4821
1357
5257
7198
2660
476
457
1911
9162
1527
8818
7199
8521
7529
242
5627
8768
7603
3032
8912
8497
2814
4917
5318
6005
7539
5206
5387
2351
2456
513
3531
3455
5964
6317
2767
4440
7797
2343
131
3475
119
1234
9613
645
6487
671
8250
2943
5025
1342
9035
8149
6823
292
5809
385
4219
189
2372
6088
2111
1619
282
5069
8203
5375
3350
5221
2575
1856
1183
7867
1674
4090
9956
7845
9610
881
1324
231
1236
2118
178
6278
7574
2305
9184
1551
4219
8640
3147
2041
8383
4782
3904
3560
2883
8967
302
8068
3812
4027
308
7578
5895
3698
4716
2241
9352
623
1016
8176
3491
9640
459
557
3010
3620
4572
7545
4377
998
4583
1626
6286
6537
9140
121
3548
6349
7436
8030
90
225
521
3448
6760
4625
2845
3473
1594
4290
7878
7154
8856
4747
9392
7875
660
9847
7180
6469
7501
8728
4944
7171
8724
6366
4046
7078
8014
1640
2730
1065
3418
9226
3686
9149
1443
7999
224
4862
6263
913
238
373
361
8232
3417
1566
5940
2927
7224
7565
673
7085
7726
221
6491
8386
4455
1289
4529
3376
1087
7887
7084
7213
2211
5649
8625
7670
4124
6174
9481
4165
1433
6641
2543
2982
5900
9720
1082
3287
1001
4599
6940
9582
2282
7070
9961
1359
2278
745
1148
7726
9875
8422
567
7778
745
7820
1258
9579
7049
1930
1414
7894
1950
366
8674
1838
2675
5800
4509
7684
3654
9709
853
754
3195
2160
7400
8685
9971
734
6361
8042
5086
6280
5701
3618
3855
7831
5494
6857
5664
7563
5655
587
8982
3252
7994
9735
965
6325
8695
289
9799
7862
8469
6163
1977
7449
2190
1171
6071
4911
5694
7003
5177
4284
1132
3141
46
7912
8988
7493
792
487
8148
5372
4104
2604
6782
4330
4923
8729
9534
2676
5668
6858
9044
5158
1533
1347
2836
4266
4121
9766
7876
5546
8300
7242
1701
1090
4972
1432
3670
9434
5721
2872
1653
18
1132
4092
4519
7071
1164
6891
2507
3829
5270
97
8874
2581
2766
3172
7425
3594
3745
1850
8674
2862
3997
6410
9064
7922
9299
9056
4666
9950
5132
2261
7890
2469
5498
685
2190
429
464
9443
8214
4605
5925
8275
223
7064
9668
2534
1935
6650
647
547
9826
4704
4278
2259
9997
3197
1467
9814
1377
9033
3400
6485
9858
5308
4875
3720
5049
7901
528
8697
5142
8804
8263
456
4090
8262
1464
7184
228
8338
5540
6377
9034
5079
2542
8943
1931
1113
1530
2804
1939
3236
7365
1522
3982
2992
1318
1828
1552
1238
3218
8949
1365
6561
6230
1304
5748
9624
9841
2393
8521
5435
7983
4388
8275
3484
1886
8134
1883
8817
90
2720
455
135
2492
3635
6270
153
3587
9240
4429
8753
2865
5407
73
3725
8777
5547
6437
86
2343
1579
2614
429
2545
764
1029
1511
5100
9646
1990
2555
9987
1556
8071
2793
3939
7232
618
6062
362
1326
2374
7013
722
3567
7883
2480
6472
7977
6133
5143
8978
8445
1731
2143
9873
6218
3976
3471
1907
816
6738
8752
1211
5207
6361
6371
9333
8705
6042
7399
4260
2445
5588
8075
2207
7069
5459
720
7660
4522
6316
5779
9451
4839
4680
6810
3927
5364
8068
4701
3416
9892
4039
8471
460
4097
6710
3212
7687
6430
1141
2717
7817
6396
3007
6090
9663
4305
4120
2680
1228
1175
9969
4003
7625
4593
5388
838
1979
4579
5760
7096
3205
9874
8623
185
1581
9786
934
4989
4947
9695
5173
744
271
8741
7839
5163
5130
7348
7540
5534
9377
3990
6045
1151
4293
3523
2904
8041
9078
6912
2709
5273
4545
7443
336
1469
663
5594
5121
4398
9520
2540
9744
4847
2480
639
3724
5958
7577
252
1741
1099
385
4625
7768
8510
7174
1125
1396
8574
3583
4401
1611
5943
2100
1261
4147
5612
9873
1513
4094
9622
1207
5453
8815
3035
5843
1618
6877
162
131
6291
3404
3062
7542
3102
1562
3929
3684
6112
152
5531
9934
5760
8362
3003
7463
9210
5681
7773
1923
4831
6950
8173
2270
8138
4233
723
2305
8502
8412
488
8384
2415
1561
8056
2983
6743
8123
9047
8167
6410
812
9417
7580
6995
3130
5213
1921
80
143
4985
69
2900
3217
7516
6367
6748
200
736
4352
3716
2015
7903
2089
7562
7596
1816
9389
5698
6883
8225
6360
1932
135
2607
4816
4180
2050
1284
9226
7417
2328
7224
6416
4208
2231
7211
9618
9417
1570
5002
3322
8050
4575
4400
5157
7114
8012
255
7215
8489
8777
5151
1998
6271
5538
4886
482
1754
5532
6488
8987
3980
3218
6337
5307
4539
3760
2305
2301
5194
16
1160
5559
9593
1715
8530
3964
8441
7203
3924
2997
6467
710
9000
4673
9465
1253
677
6730
9757
9950
7123
8811
8976
7847
8813
5470
2510
1844
6103
1626
648
5098
5954
3486
9265
565
1566
9047
2590
1911
784
9352
8280
3858
2740
9210
9076
6632
4581
721
2756
3185
7738
2162
8063
4669
1315
5106
7871
2026
8469
7265
6026
1496
3537
71
6355
2523
1340
637
5361
4001
7899
1135
3712
2597
4829
1824
806
1683
3069
1230
9225
9085
3912
3272
1648
1725
2380
4030
7671
5819
7522
4744
791
6242
5469
8826
213
2190
6707
358
3466
7689
8044
2050
9843
8342
5816
3963
2345
8765
7254
2042
2163
8537
5011
2230
8283
9406
719
9835
9023
9007
9638
361
3625
7023
7949
2112
5793
2902
4780
7834
8369
5078
3099
9113
2121
5711
6208
2932
6132
9824
1192
3020
5706
5630
8659
1587
4040
8762
6917
3423
2941
7806
522
9035
2423
8344
1818
7296
877
2267
3694
5778
2446
3394
7890
7117
8826
6358
3067
4034
5519
7458
5274
108
1287
5957
6273
824
1439
3191
8966
9012
2203
1008
5830
2615
5992
5365
8092
7826
547
9396
2610
4901
8361
2211
806
4165
5534
2372
1713
1197
3073
9388
5605
8722
8704
3844
4757
3580
2216
1214
2265
1361
3488
5068
545
8180
3430
5598
2426
7694
3786
6603
7247
76
4154
8994
1490
7210
1725
2881
1259
3581
3348
2917
7392
1431
5054
659
342
5959
9019
3703
4086
5775
771
6251
5140
8666
1976
1675
9580
4205
9641
470
6046
3102
8153
8023
3148
2674
8640
2981
6305
8971
4575
3239
484
274
5801
2668
1980
5457
2016
9418
1879
3637
862
1253
6646
2242
6390
8579
27
5207
1690
6318
1238
2707
4062
7002
1932
1367
8653
2039
778
382
9738
664
440
1676
2010
1477
5185
9267
5056
6703
497
6875
8936
6578
7584
1234
2344
1952
3343
1858
2948
5435
8848
4547
8642
5986
8635
9105
6973
9856
4094
2223
2733
7858
9157
1531
9271
1896
3723
4276
1201
4557
1135
7962
233
6394
7034
4901
262
4248
2047
8632
5423
6149
388
1207
4027
152
5921
5015
1641
8808
6695
1365
2209
2603
5938
7353
4314
1931
2386
1532
8269
7101
6231
5448
57
4676
6795
2192
8713
8580
4996
544
2259
9987
6697
2198
2643
1493
6629
1536
759
8935
42
3304
492
3339
265
7198
3929
9398
6991
1780
9450
5271
9025
5664
4848
1370
7995
8989
9319
411
3989
3155
6664
9982
8568
6728
2288
958
1008
4423
8033
4549
9394
1536
4663
5324
6255
4128
3278
8083
4377
7155
8226
659
5702
1015
8342
5154
7251
5331
9081
3095
8235
8103
7446
670
8888
934
1052
3550
8409
2737
5534
4233
8261
8182
5482
8932
9902
5593
4815
7737
2409
2257
8987
2745
9854
1687
2643
3445
7739
954
9752
6798
3278
7575
6246
5323
3266
2343
7933
9388
1129
7784
2629
2541
8411
7825
158
5197
7374
1280
3830
5151
2743
1383
879
5056
9712
1175
7152
699
5354
9755
2298
5113
373
4296
302
8717
1101
3715
3917
9247
6103
8020
1520
7223
8173
9209
7881
7501
6710
6958
6746
3086
2522
7452
3957
7313
5380
1823
9635
1803
2553
5325
1369
1216
5416
7076
4151
8827
2818
1970
6435
3488
2140
1371
6
5840
6899
8007
4293
8813
8895
8938
7283
270
2683
8616
5796
6053
9908
984
693
3150
2815
952
9131
3403
3408
2498
698
7903
2633
8189
4903
359
5456
7383
4255
1920
6660
9586
9785
2756
4017
9612
1993
9703
7953
4420
2118
8465
8214
9321
991
8173
645
1317
3130
7858
5061
3226
8445
2463
7481
5916
5185
460
2442
607
4963
494
1625
3474
2892
2540
2339
6381
5796
5888
5781
4102
8930
1328
7090
810
2327
734
8803
3563
8429
348
7422
9701
426
9460
3627
85
6825
9511
1363
4444
1194
7028
8681
1664
9672
4795
5997
8259
908
6531
5711
9369
384
6537
9041
9972
8263
8969
1072
8994
9307
7298
7716
8442
3575
118
8358
5330
4119
5583
7890
4532
4844
2328
1277
7539
7092
2970
7304
9273
7913
3606
6
7778
2616
3875
5674
4638
6262
9752
5029
5842
958
7484
3343
6513
2126
9932
1683
5978
579
173
2336
898
641
2099
5580
1411
4104
5633
3212
9524
227
7826
1954
2123
978
5479
6007
8720
3851
1457
9273
2036
6093
9266
806
4291
3141
4831
169
3285
629
8825
2420
8571
1681
9085
9855
8824
1643
2008
2544
4126
1330
1406
1404
2123
7271
1373
3693
1139
8624
8430
7893
9664
1104
1660
6785
2694
2054
5016
1409
9900
6213
7739
503
3129
2821
7533
2318
3947
4327
5367
7069
2574
303
9764
924
8890
8045
8397
9798
6894
3772
9285
4304
508
6063
1569
2601
3189
1592
2189
6786
934
187
5467
3584
6227
2819
4893
512
643
5987
5173
426
6604
1824
8122
5177
1537
765
9582
2794
1529
855
8607
4643
514
8562
7179
1446
6085
5619
6791
406
8428
7392
8448
1608
2833
500
5651
238
2473
9672
475
896
4033
638
2138
1548
2263
2112
2010
5792
9436
5961
2483
1605
857
2641
8400
2223
9472
2527
5229
5698
1348
1882
5476
855
8460
289
7496
8319
4388
7644
2673
4167
3220
7090
1738
8444
4036
748
3415
6545
7248
3546
5739
3375
5801
3252
3657
173
9213
9076
8185
8816
2824
1394
7693
7780
6395
6672
9620
9836
6572
5848
1055
6102
5837
1586
8355
5298
5681
4554
6654
213
7676
6434
1933
233
379
2868
333
711
21
4858
2305
5240
5680
1185
4132
9016
1542
6971
5487
892
601
4980
7261
1670
6869
2904
6620
870
4021
2323
4167
6595
9513
9209
8898
6874
8246
7639
2630
6662
9918
5065
8510
8705
2434
7422
8944
298
8278
4105
1760
4152
7748
2185
3586
3246
1843
2651
5439
1103
1736
3134
9049
2899
6558
359
434
5627
5523
2934
7098
2722
1939
4953
3688
8436
4232
5488
8635
307
8130
6593
9377
536
676
3821
9143
3383
6831
9730
5218
4038
9507
1442
1214
3743
1459
2900
6309
6003
2488
6106
946
3762
7961
5379
6230
217
2986
2753
4827
1291
2098
3021
5240
6451
49
9930
3700
9272
6754
1415
2334
3202
3869
1993
6764
2844
7408
3753
3330
6843
9119
5417
3734
6526
7642
7261
3266
855
3694
264
7034
9513
7262
4804
526
7633
7924
2534
6609
9978
8770
577
1899
3148
2126
7674
8620
9636
5374
7132
7043
8010
6784
6653
142
5167
6717
9888
658
5414
9358
8285
4350
9269
9551
1726
9611
5307
7748
2875
5110
1972
1658
152
529
4987
4671
6125
2054
9887
2404
7318
6190
2089
2081
3740
9970
1245
5930
2613
5775
2751
1601
1831
6527
3336
7132
8099
3910
4489
969
1407
1562
1903
9199
5908
9111
2552
2663
4202
2994
2309
8858
6960
6556
3760
3004
8128
5369
3727
410
7618
7489
9978
4512
6832
135
3594
7022
2139
8041
8450
7660
2268
679
5523
1259
9213
1735
6234
350
2441
2487
253
5641
1536
9893
422
7240
7712
3612
686
1988
5457
7872
5230
1874
1199
5164
2098
4012
2126
3658
1487
355
4345
2291
1527
1013
1499
1223
4682
9980
3362
8399
8943
4200
2128
9456
500
9406
1300
9859
5906
2416
3977
3268
436
6095
2061
1192
5545
8974
868
2850
4456
5753
7438
4119
484
9414
2566
7440
336
7962
5933
2016
6548
2063
7111
1703
1745
8277
756
1622
6738
7383
9393
1524
3011
4815
224
145
2502
556
7845
4745
932
243
8867
6234
369
724
2279
6218
1123
7631
1106
6979
7572
1767
3229
5664
4630
5093
552
1533
9014
9728
5219
6457
2468
7067
1249
4607
4482
6255
9834
7206
1051
4379
6864
3830
1031
8057
3332
9356
1532
6484
745
6512
2230
7463
57
8036
3418
5254
2680
4575
7671
4531
6102
3387
2735
4346
7144
9516
4869
8574
3673
4067
3206
8408
8877
1681
8029
9533
6790
160
7074
4479
4235
4494
2611
1079
5
9787
630
1089
5580
3622
2285
2952
3986
9138
2603
9540
830
2159
1686
8865
7339
662
9581
9507
7106
757
492
3814
1014
8972
8750
5738
4638
9927
5442
2319
5544
3389
5345
4621
9676
6664
5375
2232
9183
966
9120
770
8281
479
365
721
6105
3832
615
1778
4663
3304
491
8414
2730
6569
1351
1309
4235
1393
2092
2504
7514
7281
2132
9267
6304
4046
8566
4618
2069
1470
2055
2011
850
6469
6515
4885
841
6385
7773
3488
6644
7762
7507
8621
8732
5231
3462
1934
1755
2597
6873
7961
9587
4177
2119
3674
1552
1231
889
8439
5852
8147
504
5239
4642
8313
4848
8805
8021
8169
3542
5362
7361
2157
124
3033
8642
1509
1923
2519
7908
7899
432
5563
5499
9987
6385
7882
5189
8805
8785
2566
9340
5534
4586
6591
2208
1011
251
1546
1412
6695
1435
2290
7575
4095
2637
3564
7686
7925
4597
4896
9856
1242
9129
3796
7355
4896
875
1627
1733
9702
3334
1951
1405
9668
9910
3594
5315
218
2253
2715
5917
2053
1524
3319
7260
7378
8447
2670
6687
2965
372
591
1206
4460
8429
3391
7321
591
7020
8806
9385
7515
5791
6554
2055
9792
5876
6240
4949
3944
5022
2464
970
4761
3832
5497
5610
9852
5593
6117
3764
4926
9161
830
7550
8967
1204
3921
398
4730
1741
3010
2794
5420
6516
5184
8595
9417
2907
4218
8541
9779
133
4258
2674
2380
7712
8961
8263
22
2292
219
8175
5304
1900
5460
3695
6836
4965
5508
7187
3703
8517
7527
1359
4481
6046
4424
1159
790
5219
8607
5506
5972
6570
2104
3357
133
771
1846
77
1511
1400
4599
3703
1563
7781
9562
8131
9723
169
6047
8350
5407
1853
7038
5391
5346
9557
9706
2717
4896
2517
183
6174
5891
5190
6090
4787
1358
4409
912
7890
7529
412
4962
5268
974
2554
2375
1329
9940
6375
9514
5688
2010
4509
8686
2724
6550
9632
8703
7371
4223
5529
6650
1160
5255
7025
4080
492
8749
2748
920
9456
1938
7000
9251
622
8475
230
7299
2977
6614
7784
5966
2762
6112
3036
3775
4869
4518
3496
702
987
9995
4310
2641
6456
2138
7746
19
5136
348
2002
2484
7278
5419
7941
9794
2045
1576
3071
198
6443
9530
1540
7698
9803
7353
2242
537
7017
8026
3013
9999
6099
2171
1637
2483
5574
5266
7666
5626
3447
161
8339
8687
3076
4844
187
8391
8490
5454
9901
3865
9847
825
1122
1390
8802
1340
729
6901
1882
5434
222
6971
7005
2217
1309
4665
5707
2952
4504
5934
5753
2629
7256
2302
9482
1133
8097
1227
667
5093
2266
5251
2221
521
8491
3194
121
5187
5350
4954
319
5758
9035
2537
6368
7563
919
7370
8797
1396
621
4821
9679
4767
2505
7499
6648
5862
7904
9493
425
8676
1035
8237
118
994
1942
879
2487
7508
6756
6481
6240
3133
8005
3697
2452
2682
9083
174
7701
9149
3017
8409
3983
6793
8861
909
5638
2958
3247
7693
9676
3125
5338
6397
1000
4206
7180
9989
6388
119
1081
193
6165
1281
8628
2459
3585
2478
5440
7885
4491
9885
1635
8898
4722
7657
2124
6093
2268
1470
7943
876
3165
2398
2559
7470
4316
8307
7316
2146
8984
9110
3789
8962
4134
4576
1503
2448
927
8894
654
6704
8760
2394
2756
4566
9089
7816
3584
5233
6034
2798
4912
2937
4002
888
3874
1653
5963
2731
103
3984
9195
2072
3065
5356
636
6979
7407
6759
1238
9844
878
2526
5474
589
2835
1471
8802
9230
6622
1283
5648
8998
4481
12
2597
2795
1482
7772
3819
3100
3468
3750
4309
2564
3653
1640
5373
337
1755
2873
6878
4742
4360
8175
7123
6270
8504
1749
3951
9827
4577
3051
1807
1710
9923
2622
4957
2751
3071
2650
9446
4622
7212
4701
9982
5651
5784
1469
4498
1620
1836
6045
7503
1741
6531
3404
9873
5285
5501
9774
7455
1806
111
1808
8885
461
845
758
9921
9659
8426
1735
6386
4859
5775
3403
9166
5133
9019
963
3380
146
5114
9307
1137
497
7688
4892
4646
2442
9736
7076
7833
568
1376
5754
3243
7132
7031
3260
4699
1160
4515
171
7401
2025
1004
9738
4877
3546
5637
403
9369
7588
6460
7307
5868
3866
5311
9015
505
3828
1761
4655
903
8554
317
7249
7690
5955
8443
5049
1026
6398
401
2799
6162
3922
7692
9666
4036
465
1711
9764
731
6274
5386
6934
8153
4511
1743
3542
6802
1724
6769
2357
848
1402
7134
1118
4248
1818
1375
3284
1774
485
637
8619
6629
3468
1430
1385
857
364
4336
414
480
884
3277
1155
1742
5530
9280
8703
3800
5226
7360
576
1916
9024
5818
6344
1391
1961
5067
3973
2647
2805
3566
3557
906
4240
1827
7481
9621
5825
4401
8954
850
1218
4461
1786
1524
7057
4011
1661
8213
1318
773
247
9491
70
8618
8839
2342
5975
6168
6436
6645
8710
5789
3239
5849
6629
6522
10
5745
1561
1050
607
4984
9427
2369
116
6916
2429
8584
965
4272
9335
4424
1155
3485
9154
4341
1443
8468
8574
430
5002
5136
2287
7697
216
1994
8917
1636
8178
1940
4860
1682
8597
777
2784
610
1816
5700
9253
8366
3169
4353
9271
7603
5322
2178
7934
4516
1157
8659
5124
6548
5614
2320
1897
5171
1201
4629
7270
7929
7899
9285
6209
7489
4773
5343
6449
7432
2030
8494
3875
2518
680
8352
5164
4235
855
1146
8496
7230
2981
8250
5042
2322
1993
5229
1868
651
9832
9954
4673
5264
6701
6158
7602
3456
7910
9473
7934
8490
3055
1513
1373
6759
8371
7078
15
8427
4703
9869
9968
8828
7769
6257
3935
5730
2865
6495
800
4832
4984
8921
7534
6449
2654
9302
9765
55
9248
5943
7103
1312
6658
8269
5565
2298
8040
3321
5336
6153
6060
2356
216
9446
8843
6448
4229
2154
4112
6046
7724
2203
1382
6162
1845
3398
1608
8292
4931
1550
4187
6745
4475
3603
3455
3409
1769
5831
1185
1858
1599
3565
197
8213
3071
7475
3682
9039
3466
1618
1086
7715
4250
5507
1756
8293
8718
3732
1026
5538
4068
5995
5056
4783
156
475
4606
8879
6809
8917
694
5609
8859
1456
8466
5417
3868
2332
9463
7926
9848
6019
7986
7092
9648
8513
4689
8379
4384
1414
3381
3511
9647
4169
1110
3249
9368
3375
4584
2222
3479
300
9149
551
3989
2490
9996
6473
9448
9992
3056
1757
8389
7428
6788
907
231
6012
6765
8698
2964
578
1688
5819
7342
3406
1302
3479
5224
2232
5636
9350
6073
822
1600
5266
2822
9506
1690
5019
5387
6384
2727
2860
1993
2558
8316
5950
8279
6589
5961
748
8162
2768
7811
3366
9863
4835
1510
1562
3187
3309
6091
7935
4857
4040
1719
8628
5235
9985
4836
4761
5996
6763
3668
8316
4222
5529
5635
4615
344
1548
7180
9703
1570
4169
1390
2656
5891
5071
1777
32
3843
5815
7588
9554
9901
7309
5640
3187
8999
8814
2963
2234
4325
7410
9070
6115
2682
2332
3423
2125
6177
7056
2254
8261
4364
2837
2610
258
5610
4522
9068
7874
2894
8062
2311
5845
6174
1770
3661
713
9769
5522
5678
2341
4924
93
2445
9003
8407
1904
4139
3767
9803
3697
8248
29
3911
7003
502
1106
7940
1854
2817
6057
8397
1305
220
1281
3987
4058
8542
2189
16
4276
3133
4516
3851
3139
841
3402
2011
5052
3548
5967
3983
9689
5313
7830
8860
2307
6339
201
537
9520
3847
1995
6296
5904
2892
5934
1318
4595
1665
5046
5637
6653
1560
9326
359
364
7163
7722
1999
4457
7964
9676
2978
7661
1601
3706
1284
9031
5775
8144
2560
1003
5446
9554
4887
2396
6910
9941
413
7597
2416
3166
2112
1637
9432
171
3515
4913
6778
6817
6458
2975
7010
4214
4255
5112
2192
4448
2836
9324
6708
1133
1906
8037
2295
4580
354
8725
2170
6268
2257
1
6034
7948
41
83
2372
7747
2814
2650
1982
1993
4134
3637
855
4501
2317
5024
791
2224
5831
5517
3114
9898
7975
3382
1536
9371
1232
4706
1881
6253
2106
839
2992
8936
5144
3024
2709
1118
9255
462
9231
9305
6121
8579
8514
2753
7635
5869
9101
2258
2164
4576
2279
9069
6135
6359
1708
8206
5642
7564
2562
4062
8416
1862
7921
426
1028
6131
7154
4948
8111
1798
1910
8488
5868
4578
4011
9554
2186
8216
4683
5150
8850
877
9269
7808
6026
9008
6576
9045
7896
9163
1277
1161
1147
8615
2381
394
886
9717
195
1197
622
8362
8635
5728
7479
4122
1914
5552
6682
2585
5864
9020
794
3437
7996
9177
487
9928
1302
9064
9122
1542
5635
7381
1762
7665
396
1568
5798
1501
4096
2961
9532
2881
6644
9192
4642
6034
8408
6995
7803
1591
4060
5668
2484
8680
7378
8002
9399
8744
7973
4655
5568
1381
9323
8153
462
1069
1847
7589
9196
1076
2738
7865
785
9107
2875
9032
6165
9315
4684
5732
2037
5034
8687
8879
9064
2133
5185
242
5842
567
5606
4194
8601
4465
6573
6207
8951
2979
4613
6847
2400
3745
2240
1899
2900
9049
1191
3544
5975
7604
2478
905
767
7580
554
6115
5261
5037
6960
1921
9936
9838
8448
6969
7479
2290
9393
2638
4901
266
7966
4183
9081
8381
7570
3888
2063
8507
2385
1312
5889
1950
2375
7259
722
3843
164
6825
3693
503
8792
4663
2233
3717
3835
9788
1040
8223
1408
8606
7488
827
875
3654
5265
9568
1473
1025
1496
4304
9711
9064
7307
8041
2734
675
9062
7767
2181
9674
2094
6284
5616
2924
3092
5923
2639
371
6013
7505
8482
871
4623
9117
9235
2994
398
993
5540
2260
7624
7057
5051
8281
9517
6204
5227
6024
4451
8785
966
9772
7785
7540
144
3992
3307
8432
6053
5654
7013
8319
8093
1793
8491
2312
5871
1925
7977
6521
3603
451
1142
102
2749
6889
4159
6944
2071
7617
1521
120
574
8681
8742
1302
8400
7987
708
4246
6036
7326
2706
722
9963
8260
4476
6918
533
2149
2153
7423
3879
8517
4252
3333
1308
2033
3528
2636
1561
8760
4711
485
9221
2711
2525
314
4185
629
6328
154
5940
7985
714
2178
2659
3833
9466
2157
7135
9052
2200
4076
4055
9441
5120
7673
1696
7306
3969
3064
2537
6660
8895
688
9284
9088
117
3657
146
470
8238
8439
3278
2216
9942
2022
8061
3830
4621
6581
2052
7233
6972
2567
3435
7345
651
5064
3505
5514
8018
5422
1616
5820
447
1488
5602
7019
6551
587
2243
3359
7712
7938
793
3820
2718
5302
5826
1940
4301
4231
8589
507
8751
2553
9100
876
2021
5707
4328
1451
5027
1540
1493
6346
7248
206
7175
7696
4747
4999
5909
1814
7524
2982
2621
3044
3722
635
8921
7452
9905
170
4209
9140
3863
9402
1441
2586
3606
825
379
6355
2236
5122
944
3941
5913
2417
9932
5990
8281
5430
6495
7349
1956
4457
2595
9351
2754
2349
3626
9716
498
3256
536
2611
2060
3121
4162
4019
6822
971
341
2380
2004
5585
3753
1605
4564
4722
2263
5991
313
3360
6057
5378
1254
1507
5938
1423
9197
3875
6766
917
488
598
7195
5152
2680
5591
1511
3391
9052
1112
4283
4733
9045
5913
9785
6242
55
281
1187
8234
3586
6604
8268
1383
2706
4301
5874
4387
5860
8822
1244
8840
1947
334
9664
9139
177
8867
1049
8982
6417
6617
1975
1230
3189
7569
9447
3748
5211
4973
8949
8007
9806
3154
7343
906
4034
4031
1484
5354
2367
8206
4972
4100
1218
7160
5889
1700
9665
9646
8111
6368
6541
7269
5648
2742
2157
8353
6460
9459
7128
8470
9191
4279
9187
1179
5274
7861
9996
144
7079
5118
1766
2145
7479
144
3383
8492
742
9179
3070
6495
6882
2261
5784
2181
8927
8287
3253
6243
7855
7704
1638
7005
5248
5232
8138
5183
2902
6223
1322
1417
8363
6454
8385
6474
532
6022
5024
5536
6022
1601
209
8159
2088
3438
2010
1489
2363
8864
4436
3853
8440
3945
3309
6762
7384
5499
2651
5381
8842
5568
7474
3809
6272
8586
5511
591
7515
3613
1462
527
457
8204
6017
790
9003
2273
9050
816
6204
4689
483
3975
1871
9247
8212
6020
5560
1696
6605
1094
2254
8303
9421
8145
7599
2722
3250
2377
6821
2093
3985
2255
2471
213
552
5179
675
5671
2242
5114
4858
2426
2363
5738
6813
9203
1156
8548
1127
9656
3466
4585
8379
9670
2402
7969
7135
982
9592
6047
2920
4542
920
2233
1881
8069
6220
3990
4534
9977
8424
2057
7966
7956
2322
6749
8009
3307
149
6369
5133
8889
4584
4455
5767
7740
9323
616
1065
3007
2114
8762
831
1336
1029
5764
8198
5890
3318
64
7486
7757
3173
8642
1023
9141
8800
8185
6283
8353
8543
836
1091
893
9200
2247
749
6185
5662
1678
2499
2115
9047
6785
6111
2915
2878
9176
630
7014
1726
881
8051
1021
800
1824
1990
4758
4287
6934
4700
1195
1818
3253
1136
3610
6138
4146
2962
1510
100
3308
7015
843
977
9325
402
3623
8236
2591
8082
6759
4748
1328
6987
768
4355
7881
1289
1103
7462
8987
7939
2595
5261
4251
9868
6970
9341
976
8128
3049
53
3146
8813
8176
3606
7461
8655
9564
375
1615
5313
6895
2503
934
9440
1901
8388
4117
5202
2617
3820
513
8456
608
5666
2719
6048
4579
643
968
6974
2971
7209
2623
4555
5080
4991
6915
830
7979
8535
5648
5083
5637
233
3867
2793
6622
8956
3325
8009
4026
3978
2319
9251
586
255
1336
899
9263
4226
6995
9076
9044
9223
1428
603
8973
1076
3580
2968
6170
1763
7883
4313
3184
1064
1702
511
5498
8083
4857
5380
5436
9208
2622
9405
4552
3293
5503
9805
8597
9395
9336
4555
9101
2489
3041
4709
3717
157
7994
7188
9810
4004
7000
6850
3418
3245
3423
9369
9161
9297
6320
9917
7237
4829
1510
1309
6292
7779
2715
2311
8301
574
2912
4074
3804
7669
1965
7087
5162
5650
2565
3386
9100
4547
8238
702
7738
7376
9887
3919
1075
4862
3579
3916
735
2355
9246
2364
725
2683
421
4888
1615
4539
7282
8841
4955
1396
8192
9347
8371
8858
9876
2003
2606
342
2325
6341
2920
9176
2126
7562
3072
8545
1825
6599
1985
112
7966
6049
67
4011
5396
2008
5459
5953
2183
8913
1648
1806
1043
5561
2087
670
9920
9558
7266
5381
3783
8400
6028
9487
3043
1472
1512
2851
3435
1352
5187
4317
2751
4692
7671
8205
2673
8463
5969
4602
1991
9353
3045
3002
5326
3959
4272
2630
1793
3115
7311
6858
8153
5670
5038
1499
8487
7371
6659
6252
8416
4022
2061
6306
2249
93
4183
5974
5540
2582
8497
9852
185
1305
2208
6130
6872
2471
405
330
301
3051
7036
9003
9238
2176
2678
1829
641
3059
3305
4260
3961
4618
774
9767
6355
8437
3084
9537
3844
8548
4843
1728
8726
6458
3963
5532
5306
5952
8574
1090
6591
285
4643
9249
7396
3332
2588
8373
4634
6879
4611
8355
6590
7307
8712
6276
1302
8147
3454
9845
154
242
8791
2605
3141
9811
4269
7057
8507
651
9923
7973
1981
9049
2859
6532
1243
4252
393
5218
234
487
6567
5984
8310
5953
9706
9760
7961
3728
2742
3817
6365
4006
574
9981
1902
9676
1918
8057
8148
8047
6508
3005
5200
6888
2780
4060
4884
1440
6467
3270
1848
6083
767
1636
4922
6884
1269
6500
149
8530
154
2647
2630
7578
9638
934
891
2141
5766
4620
1388
1012
9601
5024
6847
9120
5566
1009
1751
6631
6564
4087
8524
6412
3329
3000
3249
5053
1199
3432
3554
5379
1572
6261
4588
8390
9112
8738
5090
2143
269
8801
4717
2114
9690
759
467
7148
7977
2522
763
5721
6722
1582
9488
3065
4279
2033
1140
7875
8209
9844
8503
8715
7402
555
9976
8032
6877
7943
9659
6857
2715
6929
7340
3618
6480
4825
5939
2913
9605
785
1865
8766
3894
2019
3065
2642
3703
9434
4698
6927
7459
4608
2732
752
886
5699
3714
562
28
6525
7167
7844
3224
6837
2259
1947
6121
5888
8856
4441
2874
1180
4328
8287
7017
6782
3298
7824
1755
1866
3820
6247
6094
19
1387
9788
6398
596
2817
1428
3804
4814
2054
1671
7516
6786
9034
7685
3982
1570
1145
4763
5808
3364
4609
8194
4242
7911
3328
1834
6954
264
9426
8501
472
5190
4249
1894
5612
117
2557
1308
6503
8256
8935
5450
4144
7619
7176
3881
7416
776
447
5759
6495
5728
1259
4866
7400
4261
942
1208
5115
1533
3459
1585
6171
2657
5745
6455
3031
6175
6463
6740
1796
4653
4299
2373
1722
7839
5526
510
4685
3066
3506
7086
1392
5402
8319
1604
3077
2577
6866
258
3192
6849
3351
4785
9677
6236
473
8934
1527
3882
9087
2259
874
2459
2041
8945
3
221
1179
8940
1575
8656
1705
4479
1481
8248
853
338
4304
259
932
7681
5432
588
8631
2623
5000
1471
2137
2571
4036
9854
6005
3794
1379
4179
6234
9445
500
4582
2256
5772
2012
1810
2141
1451
4420
1635
7716
3763
7793
5987
382
8876
1683
6933
6011
2707
9826
2417
7386
3919
6326
9442
9351
4200
1862
1276
53
4233
8627
5634
669
8997
214
7447
5477
7592
9623
1667
6020
432
2240
4632
9861
860
4625
7734
4299
6179
1061
9324
1972
72
2533
2271
6752
6029
8395
6496
9619
1446
9866
665
1049
3535
5772
2840
8090
272
4876
3184
6671
1360
8325
3420
1427
8424
5306
4645
7789
41
2056
9254
7358
6977
1321
1166
4086
5993
3498
6005
7388
5299
9759
2931
125
9539
1334
381
5459
5706
793
5298
8826
4491
408
1925
9008
5208
9302
9755
4572
3756
3683
2696
1344
5583
2490
3221
6561
3269
8907
5556
8759
552
2220
8887
7344
3015
2156
3118
3241
7887
824
3088
2672
4697
9297
2076
6708
9860
558
4960
990
949
2190
4186
9140
156
5904
1500
2107
1192
7271
8789
6540
8046
3992
4798
3179
5206
6550
8147
1732
8582
1248
7603
2183
3779
3320
6457
3270
4341
8616
2588
4411
4939
1345
4451
6127
1039
7028
6109
5209
7259
8756
1696
5412
3627
1883
128
7429
1509
972
3219
5867
1175
6713
9699
9591
464
8950
4
9310
9458
317
9238
5996
5974
8596
8268
2332
6352
1388
7582
8614
8660
9979
8157
7463
9226
5532
5845
9847
4254
3862
1208
759
6827
9162
7896
5385
7641
7409
4
5621
5491
3638
3015
5161
5694
607
1070
2417
7528
2881
729
6087
2285
1236
1635
2189
80
5717
1653
9512
2696
2876
7336
3391
7241
6141
522
9381
660
6370
1634
403
9873
3849
7991
2345
3740
8794
639
8454
2078
5468
1860
2423
9182
7576
6251
8188
1975
509
8760
993
5788
4886
4716
5388
201
793
9104
1346
1803
2722
5191
3727
9507
1824
9742
1781
8375
5485
2647
4388
2522
3171
488
6204
7326
7725
8477
9775
1238
812
7109
2650
9408
3212
8811
8549
8499
3559
9443
5913
7510
9799
553
3074
2913
1265
9812
5957
7560
2224
2352
4339
229
3920
5932
1502
1620
2397
7137
364
3046
363
5381
1098
830
7623
207
9315
6544
6013
3307
2129
1147
155
8256
3331
3620
1478
6785
8383
6181
9772
8433
9834
4342
7402
7946
1718
2203
5983
6175
3547
7581
4032
6528
2282
5326
2637
1838
8765
3751
9796
6736
6675
8548
1093
8422
1259
1235
4598
5212
3598
8824
871
849
1506
85
1672
7784
7436
2296
4858
7422
4790
8341
1220
3934
9329
1254
6455
7297
5388
5616
9380
6202
646
1400
5292
1825
6561
5910
56
5614
9928
4233
1947
8521
2930
3227
388
975
6871
357
7384
7832
9730
2134
6927
790
4696
512
3726
6992
2312
8180
2069
752
2771
4928
2954
6058
5278
3878
1190
2783
1190
8078
1406
1649
9555
78
37
9015
5424
4538
2832
1171
5882
1847
4522
3490
4630
5316
3849
1987
7304
8026
768
7100
8962
4675
6262
2137
1930
9146
5863
247
4991
5729
4106
9392
4237
7497
7171
2136
5054
7149
2458
7399
931
5376
4667
9928
868
8648
9903
8466
1077
587
8443
1764
1690
6953
2776
662
1836
6266
307
269
2732
9482
4117
2192
7239
1185
3942
2073
1514
4664
6734
526
1672
9465
3628
9505
6170
